1763278425135 21.011634765625 1
1763278446263 21.122236328125 2
1763278467114 20.848888671875 3
1763278488232 21.115888671875 4
1763278509199 20.9648828125 5
1763278535468 20.45917578125 6
1763278556099 20.628669921875 7
1763278576777 20.6749921875 8
1763278597569 20.78944921875 9
1763278618440 20.868939453125 10
1763278645217 20.6838984375 11
1763278666184 20.9646953125 12
1763278686785 20.59877734375 13
1763278707383 20.59601171875 14
1763278727965 20.57916796875 15
1763278754509 20.472876953125 16
1763278775155 20.644091796875 17
1763278796262 21.104662109375 18
1763278817218 20.953400390625 19
1763278838303 21.08231640625 20
1763278865127 20.7184140625 21
1763278885844 20.714193359375 22
1763278906688 20.84094140625 23
1763278927336 20.646279296875 24
1763278947860 20.52146484375 25
1763278974423 20.5254765625 26
1763278994991 20.565056640625 27
1763279015609 20.615607421875 28
1763279036271 20.659529296875 29
1763279056845 20.572349609375 30
1763279083045 20.43792578125 31
1763279103632 20.584099609375 32
1763279124398 20.76363671875 33
1763279145926 21.52549609375 34
1763279166976 21.0476484375 35
1763279194256 20.927845703125 36
1763279215282 21.023275390625 37
1763279235886 20.602337890625 38
1763279256457 20.568234375 39
1763279277641 21.181435546875 40
1763279304473 20.676904296875 41
1763279325141 20.665646484375 42
1763279345936 20.792421875 43
1763279366629 20.69023828125 44
1763279388511 21.8797265625 45
1763279416263 21.405810546875 46
1763279437663 21.39350390625 47
1763279458409 20.744248046875 48
1763279479320 20.907564453125 49
1763279500503 21.18087109375 50
1763279526799 20.3988828125 51
1763279547917 21.114984375 52
1763279569086 21.16641015625 53
1763279590178 21.089990234375 54
1763279611028 20.8467265625 55
1763279638179 20.73594140625 56
1763279659486 21.30398828125 57
1763279680309 20.82041015625 58
1763279703001 22.68935546875 59
1763279726106 23.101513671875 60
1763279752932 20.660986328125 61
1763279773526 20.59133203125 62
1763279794271 20.743171875 63
1763279814969 20.69465234375 64
1763279835599 20.624943359375 65
1763279862436 20.645865234375 66
1763279883110 20.671951171875 67
1763279904438 21.324896484375 68
1763279925180 20.739751953125 69
1763279945788 20.604662109375 70
1763279972612 20.827259765625 71
1763279993991 21.37598046875 72
1763280015070 21.0762890625 73
1763280035764 20.69062109375 74
1763280056474 20.7074296875 75
1763280083469 20.777791015625 76
1763280104073 20.601611328125 77
1763280125042 20.9656640625 78
1763280146065 21.02038671875 79
1763280167484 21.415673828125 80
1763280195027 21.33187890625 81
1763280216216 21.1866875 82
1763280237050 20.8308359375 83
1763280258047 20.99525 84
1763280278567 20.51370703125 85
1763280305973 21.144861328125 86
1763280326792 20.816197265625 87
1763280347311 20.5165859375 88
1763280367833 20.519099609375 89
1763280388465 20.629158203125 90
1763280414923 20.592888671875 91
1763280435799 20.874935546875 92
1763280456540 20.7391796875 93
1763280477585 21.040712890625 94
1763280498970 21.383361328125 95
1763280526251 21.137875 96
1763280547346 21.092556640625 97
1763280568286 20.93933203125 98
1763280589339 21.051283203125 99
1763280610599 21.25823046875 100
