1763278425134 0.001 1
1763278446262 0.001 2
1763278467113 0.00095 3
1763278488231 0.00095 4
1763278509198 0.0009025 5
1763278535467 0.0009025 6
1763278556098 0.000857375 7
1763278576776 0.000857375 8
1763278597568 0.0008145062499999999 9
1763278618439 0.0008145062499999999 10
1763278645216 0.0007737809374999998 11
1763278666183 0.0007737809374999998 12
1763278686784 0.0007350918906249999 13
1763278707383 0.0007350918906249999 14
1763278727964 0.0006983372960937497 15
1763278754508 0.0006983372960937497 16
1763278775154 0.0006634204312890623 17
1763278796261 0.0006634204312890623 18
1763278817217 0.0006302494097246091 19
1763278838302 0.0006302494097246091 20
1763278865126 0.0005987369392383787 21
1763278885843 0.0005987369392383787 22
1763278906687 0.0005688000922764596 23
1763278927335 0.0005688000922764596 24
1763278947859 0.0005403600876626366 25
1763278974422 0.0005403600876626366 26
1763278994990 0.0005133420832795048 27
1763279015608 0.0005133420832795048 28
1763279036270 0.00048767497911552955 29
1763279056844 0.00048767497911552955 30
1763279083044 0.000463291230159753 31
1763279103631 0.000463291230159753 32
1763279124397 0.00044012666865176535 33
1763279145925 0.00044012666865176535 34
1763279166975 0.0004181203352191771 35
1763279194254 0.0004181203352191771 36
1763279215281 0.0003972143184582182 37
1763279235885 0.0003972143184582182 38
1763279256456 0.00037735360253530727 39
1763279277640 0.00037735360253530727 40
1763279304472 0.0003584859224085419 41
1763279325140 0.0003584859224085419 42
1763279345935 0.0003405616262881148 43
1763279366628 0.0003405616262881148 44
1763279388510 0.000323533544973709 45
1763279416262 0.000323533544973709 46
1763279437661 0.00030735686772502356 47
1763279458408 0.00030735686772502356 48
1763279479319 0.0002919890243387724 49
1763279500502 0.0002919890243387724 50
1763279526798 0.00027738957312183375 51
1763279547916 0.00027738957312183375 52
1763279569085 0.00026352009446574203 53
1763279590177 0.00026352009446574203 54
1763279611027 0.00025034408974245495 55
1763279638178 0.00025034408974245495 56
1763279659484 0.00023782688525533216 57
1763279680308 0.00023782688525533216 58
1763279703000 0.00022593554099256555 59
1763279726105 0.00022593554099256555 60
1763279752931 0.00021463876394293727 61
1763279773525 0.00021463876394293727 62
1763279794270 0.00020390682574579038 63
1763279814968 0.00020390682574579038 64
1763279835598 0.00019371148445850088 65
1763279862435 0.00019371148445850088 66
1763279883109 0.00018402591023557584 67
1763279904437 0.00018402591023557584 68
1763279925179 0.000174824614723797 69
1763279945787 0.000174824614723797 70
1763279972611 0.00016608338398760718 71
1763279993990 0.00016608338398760718 72
1763280015069 0.0001577792147882268 73
1763280035763 0.0001577792147882268 74
1763280056473 0.00014989025404881545 75
1763280083468 0.00014989025404881545 76
1763280104072 0.00014239574134637466 77
1763280125041 0.00014239574134637466 78
1763280146064 0.00013527595427905592 79
1763280167483 0.00013527595427905592 80
1763280195025 0.00012851215656510312 81
1763280216215 0.00012851215656510312 82
1763280237049 0.00012208654873684796 83
1763280258046 0.00012208654873684796 84
1763280278566 0.00011598222130000556 85
1763280305972 0.00011598222130000556 86
1763280326791 0.00011018311023500529 87
1763280347311 0.00011018311023500529 88
1763280367832 0.00010467395472325501 89
1763280388464 0.00010467395472325501 90
1763280414922 9.944025698709225e-05 91
1763280435798 9.944025698709225e-05 92
1763280456539 9.446824413773763e-05 93
1763280477584 9.446824413773763e-05 94
1763280498969 8.974483193085076e-05 95
1763280526250 8.974483193085076e-05 96
1763280547345 8.52575903343082e-05 97
1763280568286 8.52575903343082e-05 98
1763280589338 8.099471081759279e-05 99
1763280610598 8.099471081759279e-05 100
