1763278425135 1.5811636447906494 1
1763278446262 0.16602951288223267 2
1763278467113 0.14220255613327026 3
1763278488231 0.1397990584373474 4
1763278509199 0.13902918994426727 5
1763278535468 0.13870349526405334 6
1763278556099 0.1384129375219345 7
1763278576776 0.13826978206634521 8
1763278597568 0.13807456195354462 9
1763278618440 0.1379716992378235 10
1763278645216 0.13782024383544922 11
1763278666184 0.1377333700656891 12
1763278686785 0.13759282231330872 13
1763278707383 0.13746914267539978 14
1763278727965 0.13733306527137756 15
1763278754508 0.1371777355670929 16
1763278775155 0.1370830535888672 17
1763278796262 0.13693267107009888 18
1763278817218 0.13686147332191467 19
1763278838303 0.1367456167936325 20
1763278865127 0.13669466972351074 21
1763278885844 0.13664579391479492 22
1763278906687 0.13660025596618652 23
1763278927336 0.13661184906959534 24
1763278947860 0.1365363597869873 25
1763278974423 0.13653212785720825 26
1763278994990 0.13635537028312683 27
1763279015608 0.13627368211746216 28
1763279036270 0.13600000739097595 29
1763279056845 0.13589808344841003 30
1763279083045 0.13563472032546997 31
1763279103631 0.13556033372879028 32
1763279124397 0.13533484935760498 33
1763279145925 0.1352894902229309 34
1763279166976 0.13510218262672424 35
1763279194255 0.13507592678070068 36
1763279215281 0.1349048912525177 37
1763279235886 0.13488119840621948 38
1763279256457 0.13470835983753204 39
1763279277641 0.13466119766235352 40
1763279304472 0.13447490334510803 41
1763279325141 0.1343938112258911 42
1763279345935 0.13420528173446655 43
1763279366628 0.13410374522209167 44
1763279388511 0.13393180072307587 45
1763279416263 0.13382816314697266 46
1763279437662 0.1336873322725296 47
1763279458409 0.13360726833343506 48
1763279479319 0.13350564241409302 49
1763279500503 0.1334644854068756 50
1763279526799 0.133400559425354 51
1763279547916 0.13340063393115997 52
1763279569085 0.13336890935897827 53
1763279590178 0.1333911418914795 54
1763279611027 0.13335949182510376 55
1763279638178 0.13334229588508606 56
1763279659485 0.13324099779129028 57
1763279680309 0.13312670588493347 58
1763279703001 0.13293710350990295 59
1763279726106 0.13275492191314697 60
1763279752931 0.13252748548984528 61
1763279773525 0.13234344124794006 62
1763279794271 0.13212993741035461 63
1763279814968 0.13197197020053864 64
1763279835599 0.13177531957626343 65
1763279862435 0.13164940476417542 66
1763279883110 0.13147270679473877 67
1763279904437 0.13136500120162964 68
1763279925180 0.131204754114151 69
1763279945787 0.13110937178134918 70
1763279972612 0.13096672296524048 71
1763279993991 0.13088065385818481 72
1763280015070 0.13074898719787598 73
1763280035763 0.1306687891483307 74
1763280056473 0.13054916262626648 75
1763280083469 0.13047324120998383 76
1763280104073 0.13036265969276428 77
1763280125041 0.1302877962589264 78
1763280146065 0.1301850974559784 79
1763280167483 0.13010695576667786 80
1763280195026 0.13001233339309692 81
1763280216216 0.12993326783180237 82
1763280237049 0.1298397183418274 83
1763280258047 0.12975969910621643 84
1763280278567 0.12966573238372803 85
1763280305973 0.1295900046825409 86
1763280326792 0.12949685752391815 87
1763280347311 0.12942111492156982 88
1763280367833 0.1293296217918396 89
1763280388465 0.12925781309604645 90
1763280414923 0.1291651725769043 91
1763280435799 0.12909871339797974 92
1763280456540 0.1290075182914734 93
1763280477585 0.128944993019104 94
1763280498969 0.12885895371437073 95
1763280526251 0.1288028359413147 96
1763280547345 0.12871605157852173 97
1763280568286 0.12866798043251038 98
1763280589339 0.12858232855796814 99
1763280610599 0.1285383701324463 100
