1763278425136 328.3067932128906 1
1763278446263 330.0349426269531 2
1763278467114 325.7638854980469 3
1763278488232 329.9357604980469 4
1763278509199 327.5762939453125 5
1763278535469 319.67462158203125 6
1763278556100 322.3229675292969 7
1763278576777 323.0467529296875 8
1763278597569 324.83514404296875 9
1763278618440 326.0771789550781 10
1763278645217 323.1859130859375 11
1763278666184 327.5733642578125 12
1763278686785 321.85589599609375 13
1763278707384 321.81268310546875 14
1763278727965 321.54949951171875 15
1763278754509 319.8887023925781 16
1763278775156 322.5639343261719 17
1763278796263 329.7603454589844 18
1763278817219 327.3968811035156 19
1763278838303 329.41119384765625 20
1763278865127 323.7252197265625 21
1763278885844 323.6592712402344 22
1763278906688 325.63970947265625 23
1763278927337 322.5981140136719 24
1763278947861 320.64788818359375 25
1763278974423 320.7105712890625 26
1763278994991 321.3290100097656 27
1763279015609 322.1188659667969 28
1763279036271 322.8051452636719 29
1763279056846 321.4429626464844 30
1763279083045 319.34259033203125 31
1763279103632 321.6265563964844 32
1763279124398 324.43182373046875 33
1763279145926 336.33587646484375 34
1763279166976 328.8695068359375 35
1763279194256 326.9975891113281 36
1763279215282 328.4886779785156 37
1763279235887 321.9115295410156 38
1763279256458 321.378662109375 39
1763279277642 330.9599304199219 40
1763279304473 323.0766296386719 41
1763279325141 322.9007263183594 42
1763279345936 324.881591796875 43
1763279366629 323.28497314453125 44
1763279388511 341.8707275390625 45
1763279416264 334.4657897949219 46
1763279437663 334.27349853515625 47
1763279458410 324.1288757324219 48
1763279479320 326.6806945800781 49
1763279500503 330.95111083984375 50
1763279526799 318.7325439453125 51
1763279547917 329.921630859375 52
1763279569086 330.72515869140625 53
1763279590179 329.5310974121094 54
1763279611028 325.7301025390625 55
1763279638179 323.99908447265625 56
1763279659486 332.87481689453125 57
1763279680309 325.31890869140625 58
1763279703002 354.52117919921875 59
1763279726106 360.9611511230469 60
1763279752932 322.8279113769531 61
1763279773526 321.73956298828125 62
1763279794272 324.112060546875 63
1763279814969 323.35394287109375 64
1763279835600 322.2647399902344 65
1763279862436 322.5916442871094 66
1763279883111 322.9992370605469 67
1763279904438 333.2015075683594 68
1763279925181 324.0586242675781 69
1763279945788 321.9478454589844 70
1763279972613 325.4259338378906 71
1763279993992 333.99969482421875 72
1763280015071 329.3170166015625 73
1763280035764 323.29095458984375 74
1763280056474 323.5535888671875 75
1763280083469 324.6529846191406 76
1763280104074 321.9001770019531 77
1763280125042 327.5885009765625 78
1763280146066 328.44354248046875 79
1763280167484 334.6199035644531 80
1763280195027 333.31060791015625 81
1763280216216 331.0419921875 82
1763280237050 325.4818115234375 83
1763280258048 328.05078125 84
1763280278567 320.52667236328125 85
1763280305974 330.3884582519531 86
1763280326793 325.2530822753906 87
1763280347312 320.5716552734375 88
1763280367834 320.6109313964844 89
1763280388465 322.3305969238281 90
1763280414923 321.7638854980469 91
1763280435800 326.1708679199219 92
1763280456540 324.0496826171875 93
1763280477585 328.7611389160156 94
1763280498970 334.1150207519531 95
1763280526252 330.279296875 96
1763280547346 329.5711975097656 97
1763280568287 327.17706298828125 98
1763280589340 328.9263000488281 99
1763280610600 332.15985107421875 100
