1763281040882 18.97069921875 1
1763281059659 18.774970703125 2
1763281078961 19.299474609375 3
1763281098008 19.044083984375 4
1763281117144 19.134337890625 5
1763281144099 19.061095703125 6
1763281163442 19.3403359375 7
1763281182693 19.249064453125 8
1763281202016 19.32047265625 9
1763281220920 18.901771484375 10
1763281248555 19.18894140625 11
1763281267861 19.303341796875 12
1763281287120 19.256162109375 13
1763281306623 19.5006640625 14
1763281326546 19.9213671875 15
1763281353950 18.97835546875 16
1763281373084 19.13097265625 17
1763281391967 18.880189453125 18
1763281410941 18.97175390625 19
1763281429937 18.993931640625 20
1763281456581 18.65481640625 21
1763281475443 18.85945703125 22
1763281494506 19.0598359375 23
1763281512871 18.3633359375 24
1763281531809 18.93508203125 25
1763281558917 18.685458984375 26
1763281577613 18.69376953125 27
1763281596450 18.834255859375 28
1763281614810 18.357541015625 29
1763281634041 19.22812890625 30
1763281661230 18.7269765625 31
1763281680487 19.255341796875 32
1763281699758 19.267822265625 33
1763281719021 19.260494140625 34
1763281738288 19.26461328125 35
1763281765931 19.38983203125 36
1763281785358 19.4245703125 37
1763281804657 19.295482421875 38
1763281823964 19.3047109375 39
1763281843268 19.30196484375 40
1763281871132 19.21927734375 41
1763281891645 20.508158203125 42
1763281912562 20.913796875 43
1763281933572 21.007544921875 44
1763281954675 21.0998515625 45
1763281984692 20.988669921875 46
1763282005769 21.074166015625 47
1763282026824 21.05278515625 48
1763282047963 21.136162109375 49
1763282069364 21.397376953125 50
1763282098999 20.94762890625 51
1763282119867 20.8652890625 52
1763282140739 20.86927734375 53
1763282161595 20.85330859375 54
1763282182471 20.872853515625 55
1763282212034 20.75168359375 56
1763282233194 21.156669921875 57
1763282254042 20.845662109375 58
1763282274909 20.863970703125 59
1763282295782 20.87005859375 60
1763282325459 20.755580078125 61
1763282346321 20.860013671875 62
1763282367182 20.8584453125 63
1763282388153 20.967853515625 64
1763282409417 21.26135546875 65
1763282438927 20.85303515625 66
1763282459771 20.8408828125 67
1763282480640 20.86608203125 68
1763282501515 20.872673828125 69
1763282522391 20.8736171875 70
1763282552086 20.77036328125 71
1763282572967 20.878068359375 72
1763282593856 20.883619140625 73
1763282614751 20.892017578125 74
1763282635652 20.897908203125 75
1763282665311 20.786578125 76
1763282686231 20.91730859375 77
1763282707183 20.949373046875 78
1763282728149 20.963279296875 79
1763282749114 20.962646484375 80
1763282778545 20.814802734375 81
1763282799542 20.994119140625 82
1763282820876 21.331431640625 83
1763282841740 20.86134765625 84
1763282862596 20.853255859375 85
1763282892214 20.757263671875 86
1763282913088 20.8711796875 87
1763282933948 20.857919921875 88
1763282954812 20.86078125 89
1763282975682 20.867943359375 90
1763283005003 20.751333984375 91
1763283025874 20.868439453125 92
1763283046730 20.853029296875 93
1763283067694 20.96180859375 94
1763283088564 20.866662109375 95
1763283118182 20.745552734375 96
1763283138515 20.330751953125 97
1763283158336 19.81783984375 98
1763283177901 19.562373046875 99
1763283197578 19.67500390625 100
