1763281040881 0.001 1
1763281059658 0.001 2
1763281078960 0.00095 3
1763281098007 0.00095 4
1763281117143 0.0009025 5
1763281144098 0.0009025 6
1763281163441 0.000857375 7
1763281182692 0.000857375 8
1763281202015 0.0008145062499999999 9
1763281220919 0.0008145062499999999 10
1763281248554 0.0007737809374999998 11
1763281267860 0.0007737809374999998 12
1763281287118 0.0007350918906249999 13
1763281306622 0.0007350918906249999 14
1763281326545 0.0006983372960937497 15
1763281353949 0.0006983372960937497 16
1763281373083 0.0006634204312890623 17
1763281391966 0.0006634204312890623 18
1763281410940 0.0006302494097246091 19
1763281429936 0.0006302494097246091 20
1763281456580 0.0005987369392383787 21
1763281475442 0.0005987369392383787 22
1763281494505 0.0005688000922764596 23
1763281512870 0.0005688000922764596 24
1763281531808 0.0005403600876626366 25
1763281558916 0.0005403600876626366 26
1763281577612 0.0005133420832795048 27
1763281596449 0.0005133420832795048 28
1763281614809 0.00048767497911552955 29
1763281634040 0.00048767497911552955 30
1763281661229 0.000463291230159753 31
1763281680486 0.000463291230159753 32
1763281699757 0.00044012666865176535 33
1763281719020 0.00044012666865176535 34
1763281738287 0.0004181203352191771 35
1763281765930 0.0004181203352191771 36
1763281785357 0.0003972143184582182 37
1763281804656 0.0003972143184582182 38
1763281823963 0.00037735360253530727 39
1763281843267 0.00037735360253530727 40
1763281871131 0.0003584859224085419 41
1763281891644 0.0003584859224085419 42
1763281912561 0.0003405616262881148 43
1763281933571 0.0003405616262881148 44
1763281954674 0.000323533544973709 45
1763281984691 0.000323533544973709 46
1763282005767 0.00030735686772502356 47
1763282026823 0.00030735686772502356 48
1763282047962 0.0002919890243387724 49
1763282069363 0.0002919890243387724 50
1763282098998 0.00027738957312183375 51
1763282119866 0.00027738957312183375 52
1763282140738 0.00026352009446574203 53
1763282161594 0.00026352009446574203 54
1763282182470 0.00025034408974245495 55
1763282212033 0.00025034408974245495 56
1763282233193 0.00023782688525533216 57
1763282254041 0.00023782688525533216 58
1763282274908 0.00022593554099256555 59
1763282295780 0.00022593554099256555 60
1763282325458 0.00021463876394293727 61
1763282346320 0.00021463876394293727 62
1763282367181 0.00020390682574579038 63
1763282388152 0.00020390682574579038 64
1763282409416 0.00019371148445850088 65
1763282438926 0.00019371148445850088 66
1763282459770 0.00018402591023557584 67
1763282480638 0.00018402591023557584 68
1763282501514 0.000174824614723797 69
1763282522390 0.000174824614723797 70
1763282552085 0.00016608338398760718 71
1763282572966 0.00016608338398760718 72
1763282593855 0.0001577792147882268 73
1763282614750 0.0001577792147882268 74
1763282635651 0.00014989025404881545 75
1763282665310 0.00014989025404881545 76
1763282686230 0.00014239574134637466 77
1763282707182 0.00014239574134637466 78
1763282728148 0.00013527595427905592 79
1763282749113 0.00013527595427905592 80
1763282778544 0.00012851215656510312 81
1763282799540 0.00012851215656510312 82
1763282820875 0.00012208654873684796 83
1763282841739 0.00012208654873684796 84
1763282862595 0.00011598222130000556 85
1763282892213 0.00011598222130000556 86
1763282913087 0.00011018311023500529 87
1763282933947 0.00011018311023500529 88
1763282954811 0.00010467395472325501 89
1763282975681 0.00010467395472325501 90
1763283005002 9.944025698709225e-05 91
1763283025873 9.944025698709225e-05 92
1763283046729 9.446824413773763e-05 93
1763283067693 9.446824413773763e-05 94
1763283088563 8.974483193085076e-05 95
1763283118181 8.974483193085076e-05 96
1763283138514 8.52575903343082e-05 97
1763283158335 8.52575903343082e-05 98
1763283177900 8.099471081759279e-05 99
1763283197577 8.099471081759279e-05 100
