1763281040881 2.8388123512268066 1
1763281059659 0.04339280351996422 2
1763281078961 0.014469184912741184 3
1763281098007 0.008601087145507336 4
1763281117144 0.0055346316657960415 5
1763281144098 0.003831858281046152 6
1763281163441 0.0028650786262005568 7
1763281182693 0.0021609023679047823 8
1763281202016 0.001738814520649612 9
1763281220920 0.0014359524939209223 10
1763281248555 0.0012164453510195017 11
1763281267860 0.0010726498439908028 12
1763281287119 0.0009442857699468732 13
1763281306622 0.0008503074059262872 14
1763281326546 0.0007741769077256322 15
1763281353950 0.000701569311786443 16
1763281373083 0.0006431240472011268 17
1763281391966 0.000602386542595923 18
1763281410941 0.0005554819945245981 19
1763281429937 0.0005224178312346339 20
1763281456581 0.0004911052528768778 21
1763281475443 0.0004610186442732811 22
1763281494505 0.00043234199983999133 23
1763281512871 0.00040448360959999263 24
1763281531809 0.0003821280552074313 25
1763281558916 0.0003604812955018133 26
1763281577613 0.0003416241379454732 27
1763281596449 0.00032282472238875926 28
1763281614810 0.0003085875359829515 29
1763281634040 0.0002943366998806596 30
1763281661229 0.0002820806112140417 31
1763281680487 0.0002707728126551956 32
1763281699758 0.000260045169852674 33
1763281719021 0.0002514658553991467 34
1763281738288 0.0002428370207780972 35
1763281765930 0.00023400012287311256 36
1763281785357 0.00022677677043247968 37
1763281804656 0.0002205787313869223 38
1763281823963 0.0002132961235474795 39
1763281843268 0.00020634430984500796 40
1763281871131 0.00020216548000462353 41
1763281891645 0.00019615852215792984 42
1763281912561 0.00019190888269804418 43
1763281933572 0.0001860400225268677 44
1763281954674 0.0001815297728171572 45
1763281984691 0.00017666848725639284 46
1763282005768 0.00017308630049228668 47
1763282026824 0.00017115229275077581 48
1763282047963 0.0001676760584814474 49
1763282069363 0.00016258239338640124 50
1763282098999 0.00015969682135619223 51
1763282119867 0.00015469035133719444 52
1763282140739 0.00015390913176815957 53
1763282161595 0.00014916138025000691 54
1763282182470 0.00014806550461798906 55
1763282212034 0.00014397097402252257 56
1763282233193 0.00014243130863178521 57
1763282254042 0.00013878387107979506 58
1763282274908 0.00013786749332211912 59
1763282295781 0.00013416653382591903 60
1763282325458 0.00013313665112946182 61
1763282346321 0.00012947512732353061 62
1763282367182 0.00012848562619183213 63
1763282388152 0.00012498893192969263 64
1763282409416 0.00012342150148469955 65
1763282438927 0.00012154821888543665 66
1763282459770 0.00012073859397787601 67
1763282480639 0.0001178668171633035 68
1763282501514 0.00011602147424127907 69
1763282522391 0.00011334674491081387 70
1763282552086 0.00011336491297697648 71
1763282572967 0.00011190591612830758 72
1763282593856 0.000114046735689044 73
1763282614751 0.00010977656347677112 74
1763282635651 0.00010979101352859288 75
1763282665311 0.0001091171579901129 76
1763282686231 0.00010917036706814542 77
1763282707183 0.00010748689965112135 78
1763282728149 0.00011227261711610481 79
1763282749114 0.0001240218844031915 80
1763282778544 0.00015842175344005227 81
1763282799541 0.0001319071016041562 82
1763282820876 0.000109105407318566 83
1763282841740 0.0001091723534045741 84
1763282862596 0.00010519879288040102 85
1763282892213 0.00010130914597539231 86
1763282913087 9.954201959772035e-05 87
1763282933948 9.908072388498113e-05 88
1763282954811 9.651439904700965e-05 89
1763282975682 9.576328739058226e-05 90
1763283005003 9.435482206754386e-05 91
1763283025874 9.344827412860468e-05 92
1763283046730 9.29227244341746e-05 93
1763283067694 9.22823091968894e-05 94
1763283088563 9.141761984210461e-05 95
1763283118181 9.041093289852142e-05 96
1763283138515 9.012008376885206e-05 97
1763283158335 8.92743410076946e-05 98
1763283177900 8.867502037901431e-05 99
1763283197578 8.814204193186015e-05 100
