1763281040882 195.57421875 1
1763281059660 193.55639900128867 2
1763281078962 198.96365576675257 3
1763281098008 196.33076272551546 4
1763281117145 197.26121536726805 5
1763281144099 196.5061412693299 6
1763281163442 199.38490657216494 7
1763281182694 198.44396343427834 8
1763281202017 199.18013047680412 9
1763281220921 194.86362355025773 10
1763281248555 197.8241382087629 11
1763281267861 199.0035236791237 12
1763281287120 198.51713514819588 13
1763281306623 201.0377738402062 14
1763281326547 205.3749194587629 15
1763281353951 195.65314916237114 16
1763281373084 197.22652222938143 17
1763281391967 194.64112838273195 18
1763281410941 195.58509181701032 19
1763281429938 195.81372825386597 20
1763281456582 192.3176949097938 21
1763281475444 194.42739207474227 22
1763281494506 196.49315399484536 23
1763281512872 189.31274162371133 24
1763281531809 195.20703125 25
1763281558917 192.63359777706185 26
1763281577613 192.71927351804123 27
1763281596450 194.1675861791237 28
1763281614810 189.25300016108247 29
1763281634041 198.2281330541237 30
1763281661230 193.06161404639175 31
1763281680488 198.50867831829896 32
1763281699758 198.63734294458763 33
1763281719021 198.56179526417526 34
1763281738289 198.6042606314433 35
1763281765931 199.89517557989691 36
1763281785358 200.25330219072166 37
1763281804657 198.92249919458763 38
1763281823964 199.01763853092783 39
1763281843269 198.98932828608247 40
1763281871132 198.13687983247422 41
1763281891646 211.4243113724227 42
1763281912562 215.60615335051546 43
1763281933573 216.572628060567 44
1763281954675 217.52424291237114 45
1763281984692 216.37804043170104 46
1763282005769 217.25944346005156 47
1763282026824 217.03902222938143 48
1763282047964 217.89857844716494 49
1763282069364 220.5915149806701 50
1763282099000 215.95493717783506 51
1763282119868 215.10607280927834 52
1763282140740 215.14718911082474 53
1763282161596 214.98256282216494 54
1763282182471 215.1840568621134 55
1763282212035 213.9348824097938 56
1763282233194 218.10999919458763 57
1763282254042 214.9037330863402 58
1763282274909 215.09248147551546 59
1763282295782 215.15524323453607 60
1763282325459 213.97505235180412 61
1763282346322 215.05168733891753 62
1763282367183 215.035518685567 63
1763282388153 216.16343830541237 64
1763282409417 219.18923163659792 65
1763282438928 214.97974387886597 66
1763282459771 214.85446198453607 67
1763282480640 215.11424774484536 68
1763282501515 215.1822044136598 69
1763282522391 215.19192976804123 70
1763282552087 214.12745650773195 71
1763282572967 215.2378181378866 72
1763282593857 215.29504268685568 73
1763282614752 215.38162451675257 74
1763282635652 215.44235260953607 75
1763282665312 214.2946198453608 76
1763282686231 215.64235663659792 77
1763282707183 215.97291800902062 78
1763282728149 216.11628141108247 79
1763282749115 216.1097575708763 80
1763282778545 214.58559519974227 81
1763282799542 216.43421794458763 82
1763282820877 219.91166639819588 83
1763282841741 215.06543975515464 84
1763282862596 214.98201916881445 85
1763282892214 213.99240898840208 86
1763282913088 215.16680090206185 87
1763282933949 215.03010228737114 88
1763282954812 215.05960051546393 89
1763282975683 215.13343669458763 90
1763283005004 213.931278189433 91
1763283025875 215.13855106314432 92
1763283046730 214.97968347293815 93
1763283067695 216.10111952319588 94
1763283088564 215.12022793170104 95
1763283118182 213.87167767396906 96
1763283138515 209.59538096005156 97
1763283158336 204.30762725515464 98
1763283177901 201.67394893685568 99
1763283197579 202.83509181701032 100
